& 00001[21/05/2023]
NGC129
10.0
5450.0
60.0
13.0
6.0
0.0
30.0
0.0
0.0
7.0
& 00002[21/05/2023]
NGC136
4.0
17000.0
61.0
30.0
33.0
0.0
31.0
30.8
0.0
7.0
& 00003[21/05/2023]
NGC157
45000.0
7.63E7
-8.0
23.0
47.36
0.0
34.0
46.751
0.0
12.0
& 00004[21/05/2023]
NGC225
4.0
2143.0
61.0
47.0
0.0
0.0
43.7
0.0
0.0
7.0
& 00005[21/05/2023]
NGC278
10000.0
3.7E7
47.0
33.0
2.0
0.0
52.0
4.3
0.0
12.0
& 00006[21/05/2023]
NGC288
56.0
30000.0
-26.0
34.0
57.4
0.0
52.0
45.24
0.0
10.0
& 00007[21/05/2023]
NGC381
15.0
3120.0
61.0
35.0
2.0
1.0
8.0
19.9
0.0
7.0
& 00008[21/05/2023]
NGC404
7500.0
1.0E7
35.0
43.0
4.0
1.0
9.0
27.0
0.0
12.0
& 00009[21/05/2023]
NGC436
7.1
9800.0
58.0
49.0
12.0
1.0
16.0
0.2
0.0
7.0
& 00010[21/05/2023]
NGC488
75000.0
9.83E7
15.0
24.0
19.0
1.0
21.0
46.8
0.0
12.0
& 00011[21/05/2023]
NGC524
42500.0
8.61E7
9.0
32.0
20.0
1.0
24.0
47.7
0.0
12.0
& 00012[21/05/2023]
NGC584
50000.0
6.228E7
-6.0
52.0
5.02
1.0
31.0
20.755
0.0
12.0
& 00013[21/05/2023]
NGC596
40000.0
6.7E7
-7.0
1.0
55.0
1.0
32.0
52.1
0.0
12.0
& 00014[21/05/2023]
NGC613
50000.0
6.75E7
-29.0
25.0
6.56
1.0
34.0
18.235
0.0
12.0
& 00015[22/05/2023]
NGC615
32500.0
8.5E7
-7.0
20.0
25.0
1.0
35.0
5.7
0.0
12.0
& 00016[22/05/2023]
NGC637
3.0
7045.0
64.0
2.0
24.0
1.0
43.0
4.0
0.0
7.0
& 00017[22/05/2023]
NGC654
7.0
7830.0
61.0
53.0
6.0
1.0
44.0
0.0
0.0
7.0
& 00018[22/05/2023]
NGC659
7.5
8200.0
60.0
40.0
0.0
1.0
44.0
4.0
0.0
7.0
& 00019[22/05/2023]
NGC720
52500.0
8.0E7
-13.0
44.0
19.0
1.0
53.0
0.5
0.0
12.0
& 00020[22/05/2023]
NGC772
120000.0
1.3E8
19.0
0.0
27.0
1.0
59.0
19.6
0.0
12.0
& 00021[22/05/2023]
NGC779
37500.0
5.9E7
-5.0
57.0
48.0
1.0
59.0
42.3
0.0
12.0
& 00022[22/05/2023]
NGC908
57500.0
5.6E7
-21.0
14.0
2.0
2.0
23.0
4.6
0.0
12.0
& 00023[22/05/2023]
NGC936
45000.0
6.77E7
-1.0
9.0
22.0
2.0
27.0
37.4
0.0
12.0
& 00024[22/05/2023]
NGC1022
25000.0
6.77E7
-6.0
40.0
38.96
2.0
38.0
32.74
0.0
12.0
& 00025[22/05/2023]
NGC1023
45000.0
3.4E7
39.0
3.0
48.0
2.0
40.0
24.0
0.0
12.0
& 00026[22/05/2023]
NGC1027
9.0
3100.0
61.0
38.0
0.0
2.0
42.0
43.0
0.0
7.0
& 00027[22/05/2023]
NGC1052
27052.6
6.2E7
-8.0
15.0
20.7517
2.0
41.0
4.79851
0.0
12.0
& 00028[22/05/2023]
NGC1055
57479.5
5.2E7
0.0
26.0
35.0
2.0
41.0
45.2
0.0
12.0
& 00029[22/05/2023]
NGC1084
27358.0
6.27E7
-7.0
34.0
43.1
2.0
45.0
59.926
0.0
12.0
& 00030[23/05/2023]
NGC1245
14.25
9800.0
47.0
15.0
11.0
3.0
14.0
48.0
0.0
7.0
& 00031[23/05/2023]
NGC1342
5.3
2170.0
37.0
22.0
36.0
3.0
31.0
38.0
0.0
7.0
& 00032[23/05/2023]
NGC1407
50847.0
7.6E7
-18.0
34.0
48.0
3.0
40.0
11.9
0.0
12.0
& 00033[23/05/2023]
NGC1444
2.44
4200.0
52.0
29.0
24.0
3.0
49.0
23.8
0.0
7.0
& 00034[23/05/2023]
NGC1501
0.5
4240.0
60.0
55.0
14.4
4.0
6.0
59.39
0.0
9.0
& 00035[27/05/2023]
NGC1502
5.5
3452.0
62.0
19.0
55.2
4.0
7.0
48.96
0.0
7.0
& 00036[27/05/2023]
NGC1513
-1.0
4900.0
49.0
31.0
2.0
4.0
9.0
54.7
-1.0
7.0
& 00037[28/05/2023]
NGC1528
10.4
3110.0
51.0
13.0
4.8
4.0
15.0
30.72
0.0
7.0
& 00038[28/05/2023]
NGC1535
0.52
5500.0
-12.0
44.0
21.68
4.0
14.0
15.782
0.0
9.0
& 00039[28/05/2023]
NGC1545
6.75
2320.0
50.0
15.0
12.0
4.0
20.0
50.0
0.0
7.0
& 00040[28/05/2023]
NGC1647
11.78
1800.0
19.0
6.0
54.0
4.0
45.0
55.0
0.0
7.0
& 00041[28/05/2023]
NGC1664
11.0
4200.0
43.0
40.0
3.0
4.0
51.0
6.0
0.0
7.0
& 00042[28/05/2023]
NGC1788
1.5
1300.0
-3.0
21.0
0.0
5.0
6.0
54.0
0.0
8.0
& 00043[28/05/2023]
NGC1817
8.7
6430.0
16.0
41.0
2.0
5.0
12.0
15.0
0.0
7.0
& 00044[28/05/2023]
NGC1857
5.6
7800.0
39.0
19.0
30.0
5.0
19.0
56.4
0.0
7.0
& 00045[28/05/2023]
NGC1907
12.5
4500.0
35.0
19.0
30.0
5.0
28.0
6.0
0.0
7.0
& 00046[28/05/2023]
NGC1931
3.0
7000.0
34.0
15.0
0.0
5.0
31.0
0.0
0.0
8.0
& 00047[28/05/2023]
NGC1961
117500.0
1.73E8
69.0
22.0
42.0
5.0
42.0
4.6
0.0
12.0
& 00048[28/05/2023]
NGC1964
52941.0
6.5E7
-21.0
56.0
45.0
5.0
33.0
21.8
0.0
12.0
& 00049[28/05/2023]
NGC1980
4.0
1793.0
-5.0
54.0
36.0
5.0
25.0
26.0
0.0
8.0
& 00050[28/05/2023]
NGC1999
0.3
1500.0
-6.0
43.0
18.0
5.0
36.0
27.0
0.0
8.0
& 00051[29/05/2023]
NGC2022
0.33
8210.0
9.0
5.0
10.5843
5.0
42.0
6.19056
0.0
9.0
& 00052[29/05/2023]
NGC2024
6.0
1350.0
-1.0
51.0
0.0
5.0
41.0
54.0
0.0
8.0
& 00053[29/05/2023]
NGC2126
3.4
3900.0
49.0
51.0
57.0
6.0
2.0
33.0
0.0
7.0
& 00054[29/05/2023]
NGC2129
5.2
7200.0
23.0
10.0
20.0
6.0
1.0
6.5
0.0
7.0
& 00055[29/05/2023]
NGC2158
8.0
11000.0
24.0
5.8
0.0
6.0
7.0
25.0
0.0
7.0
& 00056[29/05/2023]
NGC2169
3.4
3600.0
13.0
57.0
0.0
6.0
8.4
0.0
0.0
7.0
& 00057[29/05/2023]
NGC2185
0.41
2800.0
-6.0
13.0
37.0
6.0
11.0
0.4
0.0
8.0
& 00058[29/05/2023]
NGC2186
3.4
4700.0
5.0
27.0
31.0
6.0
12.0
7.1
0.0
7.0
& 00059[29/05/2023]
NGC2194
16.13
12320.0
12.0
49.0
5.0
6.0
13.0
46.0
0.0
7.0
& 00060[29/05/2023]
NGC2204
16.25
8600.0
-18.0
39.0
0.0
6.0
15.7
0.0
0.0
7.0
& 00061[29/05/2023]
NGC2215
4.9
4200.0
-7.0
17.0
2.0
6.0
20.0
49.2
0.0
7.0
& 00062[29/05/2023]
NGC2232
7.6
1060.0
-4.0
50.0
51.0
6.0
28.0
1.1
0.0
7.0
& 00064[02/06/2023]
NGC2251
6.3
4300.0
8.0
21.0
59.0
6.0
34.0
38.5
0.0
7.0
& 00065[02/06/2023]
NGC2264
6.8
2350.0
9.0
53.0
0.0
6.0
41.0
0.0
0.0
8.0
& 00066[02/06/2023]
NGC2266
16.1
11000.0
26.0
59.0
6.0
6.0
43.0
20.2
0.0
7.0
& 00067[02/06/2023]
NGC2281
6.3
1722.0
41.0
4.0
4.0
6.0
48.0
17.0
0.0
7.0
& 00068[02/06/2023]
NGC2286
20.5
9400.0
-3.0
8.0
52.0
6.0
47.0
40.2
0.0
7.0
& 00069[02/06/2023]
NGC2301
5.0
2840.0
0.0
27.0
36.0
6.0
51.0
45.0
0.0
7.0
& 00069[02/06/2023]
NGC2304
5.7
13000.0
17.0
59.0
34.0
6.0
55.0
11.6
0.0
7.0
& 00070[02/06/2023]
NGC2311
6.6
6500.0
-4.0
36.0
41.0
6.0
57.0
47.5
0.0
7.0
& 00071[02/06/2023]
NGC2324
14.4
12400.0
1.0
2.0
41.0
7.0
4.0
7.9
0.0
7.0
& 00072[02/06/2023]
NGC2335
4.7
4600.0
-10.0
1.0
43.0
7.0
6.0
49.4
0.0
7.0
& 00073[02/06/2023]
NGC2343
3.0
3400.0
-10.0
37.0
1.0
7.0
8.0
6.8
0.0
7.0
& 00074[02/06/2023]
NGC2353
10.6
3650.0
-10.0
16.0
0.0
7.0
14.0
30.0
0.0
7.0
& 00075[02/06/2023]
NGC2354
34.8
13300.0
-25.0
41.0
20.0
7.0
14.0
5.3
0.0
7.0
& 00076[02/06/2023]
NGC2355
3.9
5380.0
13.0
47.0
0.0
7.0
17.0
0.0
0.0
7.0
& 00077[02/06/2023]
NGC2395
3.7
1700.0
13.0
36.0
30.0
7.0
27.0
12.8
0.0
7.0
