& 00003[08/06/2025]
C3
37000.0
1.17E7
69.0
27.0
45.0
12.0
16.0
42.1
0.0
12.0
& 00005[08/06/2025]
C5
75000.0
1.07E7
68.0
5.0
46.0
3.0
46.0
48.5
0.0
12.0
& 00007[08/06/2025]
C7
45150.0
9650000.0
65.0
36.0
9.0
7.0
36.0
51.4
0.0
12.0
& 00012[08/06/2025]
C12
43650
2.5E7
60.0
9.0
14.0
20.0
34.0
52.3
0.0
12.0
& 00063[08/06/2025]
C65
85000
1.14E7
-25.0
17.0
18.0
0.0
47.0
33.0
0.0
12.0
& 00068[08/06/2025]
C70
27600
6070000.0
-37.0
41.0
4.0
0.0
54.0
53.5
0.0
12.0
& 00070[08/06/2025]
C72
34000
6500000.0
-39.0
11.0
48.0
0.0
14.0
53.6
0.0
12.0
& 00098[08/06/2025]
C101
87500
3.1E7
-63.0
51.0
27.0
19.0
9.0
46.1
0.0
12.0
