& 00005[08/06/2025]
C5
75000.0
1.07E7
68.0
5.0
46.0
3.0
46.0
48.5
0.0
12.0
& 00002[13/06/2025]
Maffei1
37500.0
9300000.0
59.0
39.0
19.0
2.0
36.0
35.4
0.0
12.0
& 00003[13/06/2025]
Maffei2
21665.0
9800000.0
59.0
36.0
15.0
2.0
41.0
55.1
0.0
12.0
& 00004[13/06/2025]
KKH22
2150.0
1.02E7
72.0
3.0
52.0
3.0
44.0
56.7
0.0
12.0
& 00005[13/06/2025]
NGC1560
18011.0
9750000.0
71.0
52.0
59.2
4.0
32.0
49.09
0.0
12.0
& 00006[13/06/2025]
NGC1569
7875.0
1.096E7
64.0
50.0
53.0
4.0
30.0
49.1
0.0
12.0
& 00007[13/06/2025]
Dwingeloo1
3000.0
1.0E7
58.0
54.0
42.0
2.0
56.0
51.9
0.0
12.0
& 00008[13/06/2025]
Dwingeloo2
3000.0
1.0E7
59.0
0
19.1
2.0
54.0
8.47
0.0
12.0
& 00009[13/06/2025]
UGCA86
7068.0
9720000.0
67.0
8.0
37.0
3.0
59.0
50.5
0.0
12.0
