& 001[14/05/2023]
C1
11.8
5400.0
85.0
15.3
0.0
0.0
48.0
26.0
0.0
7.0
& 002[14/05/2023]
C2
0.65
3500.0
72.0
31.0
19.085
0.0
13.0
1.015
0.0
9.0
& 003[14/05/2023]
C3
37500.0
1.17E7
69.0
27.0
45.0
12.0
16.0
42.1
0.0
11.0
& 004[14/05/2023]
C4
3.0
1300.0
68.0
10.0
10.0
21.0
1.0
35.6
0.0
7.0
& 005[14/05/2023]
C5
30000.0
1.07E7
68.0
5.0
46.0
3.0
46.0
48.5
0.0
11.0
& 006[14/05/2023]
C6
0.2
3300.0
66.0
37.0
59.52
17.0
58.0
33.423
0.0
9.0
& 007[14/05/2023]
C7
25000.0
9650000.0
65.0
36.0
9.0
7.0
36.0
51.4
0.0
11.0
& 008[14/05/2023]
C8
3.75
7200.0
63.0
18.0
7.2
1.0
29.0
31.2
0.0
7.0
& 009[14/05/2023]
C9
35.0
2400.0
62.0
28.0
33.4
22.0
57.0
17.14
0.0
8.0
& 010[14/05/2023]
C10
16.8
6850.0
61.0
15.0
0.0
1.0
46.0
0.0
0.0
7.0
& 011[14/05/2023]
C11
5.0
8000.0
61.0
12.0
6.0
23.0
20.0
48.3
0.0
8.0
& 012[14/05/2023]
C12
44000.0
2.5E7
60.0
9.0
14.0
20.0
34.0
52.3
0.0
11.0
& 013[14/05/2023]
C13
14.0
7922.0
58.0
17.0
27.0
1.0
19.0
32.6
0.0
7.0
& 014[14/05/2023]
C14
33.15
7500.0
57.0
9.0
0.0
2.0
19.1
0.0
0.0
7.0
& 015[14/05/2023]
C15
-1.0
2000.0
50.0
31.0
30.3
19.0
44.0
48.2
-1.0
9.0
& 016[14/05/2023]
C16
22.0
2800.0
49.0
53.0
51.0
22.0
15.0
8.6
0.0
7.0
