& 00005[08/06/2025]
C5
75000.0
1.07E7
68.0
5.0
46.0
3.0
46.0
48.5
0.0
12.0
& 00002[13/06/2025]
Maffei1
37500.0
9300000.0
59.0
39.0
19.0
2.0
36.0
35.4
0.0
12.0
& 00003[13/06/2025]
Maffei2
21665.0
9800000.0
59.0
36.0
15.0
2.0
41.0
55.1
0.0
12.0
& 00004[13/06/2025]
KKH22
2150.0
1.02E7
72.0
3.0
52.0
3.0
44.0
56.7
0.0
12.0
& 00005[13/06/2025]
NGC1560
18011.0
9750000.0
71.0
52.0
59.2
4.0
32.0
49.09
0.0
12.0
& 00006[13/06/2025]
NGC1569
7875.0
1.096E7
64.0
50.0
53.0
4.0
30.0
49.1
0.0
12.0
& 00007[13/06/2025]
Dwingeloo1
3000.0
1.0E7
58.0
54.0
42.0
2.0
56.0
51.9
0.0
12.0
& 00008[13/06/2025]
Dwingeloo2
3000.0
1.0E7
59.0
0
19.1
2.0
54.0
8.47
0.0
12.0
& 00009[13/06/2025]
UGCA86
7068.0
9720000.0
67.0
8.0
37.0
3.0
59.0
50.5
0.0
12.0
& 00001[18/05/2023]
Pferdekopf
4.0
1375.0
-2.0
27.0
30.0
5.0
40.0
59.0
0.0
8.0
& 00002[18/05/2023]
Sh2-279
8.0
1500.0
-4.0
47.0
7.0
5.0
35.0
16.2
0.0
8.0
& 00003[18/05/2023]
NGC 1980
4.0
1793.0
-5.0
54.0
36.0
5.0
25.0
26.0
0.0
8.0
& 00004[18/05/2023]
NGC 1981
5.3
1300.0
-4.0
25.0
30.0
5.0
35.0
9.6
0.0
8.0
& 00005[18/05/2023]
IC 434
13.1
1500.0
-2.0
30.0
0.0
5.0
41.0
0.0
0.0
8.0
& 00006[18/05/2023]
Sh2-277
6.0
1350.0
-1.0
51.0
0.0
5.0
41.0
54.0
0.0
8.0
& 00001[09/06/2023]
ESO 137-001
50000.0
2.2E8
-60.0
45.0
50.59
16.0
13.0
27.305
0.0
12.0
& 00002[09/06/2023]
ESO 137-8
94000.0
1.45E8
-60.0
55.0
7.4
16.0
15.0
46.08
0.0
12.0
& 00003[09/06/2023]
NGC 137-7
76000.0
4.3E7
-60.0
39.0
55.03
16.0
15.0
32.906
0.0
12.0
& 001[14/05/2023]
Hyaden
10.0
153.0
15.0
52.0
0.0
4.0
27.0
0.0
0.0
7.0
& 002[14/05/2023]
Cygnus X-1
-1.0
7300.0
35.0
12.0
5.7845
19.0
58.0
21.67574
-1.0
5.0
& 003[14/05/2023]
SWEEPS-04
-1.0
27710.0
29.0
11.0
20.6
17.0
58.0
53.92
-1.0
1.0
& 004[14/05/2023]
N41
50.0
160000.0
-68.0
1.0
1.0
5.0
20.0
31.0
0.0
8.0
& 005[18/04/2025]
K2-18
-1.0
124.3
7.0
35.0
18.26
11.0
30.0
14.51
-1.0
1.0
& 00001[14/05/2023]
C1
11.8
5400.0
85.0
15.3
0.0
0.0
48.0
26.0
0.0
7.0
& 00002[14/05/2023]
C2
0.65
3500.0
72.0
31.0
19.085
0.0
13.0
1.015
0.0
9.0
& 00003[08/06/2025]
C3
37000.0
1.17E7
69.0
27.0
45.0
12.0
16.0
42.1
0.0
12.0
& 00004[14/05/2023]
C4
3.0
1300.0
68.0
10.0
10.0
21.0
1.0
35.6
0.0
7.0
& 00005[08/06/2025]
C5
75000.0
1.07E7
68.0
5.0
46.0
3.0
46.0
48.5
0.0
12.0
& 00006[14/05/2023]
C6
0.2
3300.0
66.0
37.0
59.52
17.0
58.0
33.423
0.0
9.0
& 00007[08/06/2025]
C7
45150.0
9650000.0
65.0
36.0
9.0
7.0
36.0
51.4
0.0
12.0
& 00008[14/05/2023]
C8
3.75
7200.0
63.0
18.0
7.2
1.0
29.0
31.2
0.0
7.0
& 00009[14/05/2023]
C9
35.0
2400.0
62.0
28.0
33.4
22.0
57.0
17.14
0.0
8.0
& 00010[14/05/2023]
C10
16.8
6850.0
61.0
15.0
0.0
1.0
46.0
0.0
0.0
7.0
& 00011[14/05/2023]
C11
5.0
8000.0
61.0
12.0
6.0
23.0
20.0
48.3
0.0
8.0
& 00012[08/06/2025]
C12
43650.0
2.5E7
60.0
9.0
14.0
20.0
34.0
52.3
0.0
12.0
& 00013[14/05/2023]
C13
14.0
7922.0
58.0
17.0
27.0
1.0
19.0
32.6
0.0
7.0
& 00014[14/05/2023]
C14
33.15
7500.0
57.0
9.0
0.0
2.0
19.1
0.0
0.0
7.0
& 00015[14/05/2023]
C15
-1.0
2000.0
50.0
31.0
30.3
19.0
44.0
48.2
-1.0
9.0
& 00016[14/05/2023]
C16
22.0
2800.0
49.0
53.0
51.0
22.0
15.0
8.6
0.0
7.0
& 00017[09/06/2025]
C17
4857.26
2530000.0
48.0
30.0
32.0
0.0
33.0
12.1
0.0
12.0
& 00018[09/06/2025]
C18
3488.0
2050000.0
48.0
20.0
14.56
0.0
38.0
57.97
0.0
12.0
& 00019[16/05/2023]
C19
7.5
2500.0
47.0
16.0
1.0
21.0
53.0
28.7
0.0
8.0
& 00020[16/05/2023]
C20
45.21
2560.0
44.0
31.0
44.0
20.0
59.0
17.1
0.0
6.0
& 00021[09/06/2025]
C21
11795
1.308E7
44.0
5.0
40.0
12.0
28.0
11.9
0.0
12.0
& 00022[16/05/2023]
C22
0.8
1800.0
42.0
32.0
6.0
23.0
25.0
53.9
0.0
9.0
& 00023[09/06/2025]
C23
62500.0
2.73E7
42.0
20.0
57.0
2.0
22.0
33.4
0.0
12.0
& 00024[09/06/2025]
C24
71000.0
2.22E8
41.0
30.0
42.0
3.0
19.0
48.1
0.0
12.0
& 00025[16/05/2023]
C25
260.0
275000.0
38.0
52.0
54.9
7.0
38.0
8.51
0.0
10.0
& 00026[09/06/2025]
C26
37500.0
1.4E7
37.0
48.0
27.0
12.0
17.0
29.9
0.0
12.0
& 00027[16/05/2023]
C27
12.5
5000.0
38.0
21.3
0.0
20.0
12.0
7.0
0.0
8.0
& 00028[16/05/2023]
C28
9.5
1300.0
37.0
47.1
0.0
1.0
57.0
41.0
0.0
7.0
& 00029[09/06/2025]
C29
54832.44
6.5E7
37.0
3.0
33.0
13.0
10.0
56.2
0.0
12.0
& 00030[09/06/2025]
C30
60781
3.98E7
34.0
24.0
56.0
22.0
37.0
4.1
0.0
12.0
& 00031[16/05/2023]
C31
3.0
1500.0
34.0
27.0
49.0
5.0
16.0
5.0
0.0
8.0
& 00032[09/06/2025]
C32
67632
3.0E7
32.0
32.0
29.0
12.0
42.0
8.0
0.0
12.0
& 00033[16/05/2023]
C33/34
65.0
2400.0
30.0
42.0
30.0
20.0
45.0
38.0
0.0
6.0
& 00034[09/06/2025]
C35
129910.68
3.08E8
27.0
58.0
37.0
13.0
0.0
8.1
0.0
12.0
& 00035[06/09/2025]
C36
45131.34
2.9E7
27.0
57.0
35.0
12.0
35.0
57.7
0.0
12.0
& 00036[16/05/2023]
C37
5.11
1950.0
26.0
29.0
0.0
20.0
12.0
0.0
0.0
7.0
& 00037[09/06/2025]
C38
50000.0
42700000
25.0
59.0
16.0
12.0
36.0
20.8
0.0
12.0
& 00038[16/05/2023]
C39
0.34
6520.0
20.0
54.0
42.49
7.0
29.0
10.77
0.0
9.0
& 00039[09/06/2025]
C40
29342
7.472E7
18.0
21.0
24.45
11.0
20.0
3.794
0.0
12.0
& 00040[16/05/2023]
C41
10.0
153.0
15.0
52.0
0.0
4.0
27.0
0.0
0.0
7.0
& 00041[16/05/2023]
C42
71.73
137000.0
16.0
11.0
14.4
21.0
1.0
29.4
0.0
10.0
& 00042[09/06/2025]
C43
31998
4.0E7
16.0
8.0
44.0
0.0
3.0
14.9
0.0
12.0
& 00043[09/06/2025]
C44
62614
1.05E8
12.0
19.0
22.0
23.0
4.0
56.6
0.0
12.0
& 00044[09/06/2025]
C45
62311
6.9E7
8.0
53.0
7.0
13.0
37.0
32.0
0.0
12.0
& 00045[17/05/2023]
C46
1.0
2500.0
8.0
45.0
0.0
6.0
39.0
10.0
0.0
8.0
& 00046[17/05/2023]
C47
9.0
52000.0
7.0
24.0
16.1
20.0
34.0
11.37
0.0
10.0
& 00047[09/06/2025]
C48
41902
6.7E7
7.0
2.0
16.53
9.0
10.0
20.112
0.0
12.0
& 00048[17/05/2023]
C49
65.0
5200.0
4.0
59.0
54.0
6.0
33.0
45.0
0.0
8.0
& 00049[17/05/2023]
C50
18.0
5100.0
4.0
56.0
0.0
6.0
31.0
54.0
0.0
7.0
& 00050[09/06/2025]
C51
5608
2380000.0
2.0
7.0
4.0
1.0
4.0
47.8
0.0
12.0
& 00051[09/06/2025]
C52
24318
3.8E7
-5.0
48.0
3.0
12.0
48.0
35.9
0.0
12.0
& 00052[09/06/2025]
C53
33091
3.16E7
-7.0
43.0
7.0
10.0
5.0
14.0
0.0
12.0
& 00053[17/05/2023]
C54
18.5
12700.0
-10.0
46.0
12.0
8.0
0.0
1.0
0.0
7.0
& 00054[17/05/2023]
C55
0.3
3000.0
-11.0
21.0
48.25
21.0
4.0
10.877
0.0
9.0
& 00055[17/05/2023]
C56
3.0
1600.0
-11.0
52.0
18.94
0.0
47.0
3.338
0.0
9.0
& 00056[09/06/2025]
C57
3674
1630000.0
-14.0
47.0
21.0
19.0
44.0
56.6
0.0
12.0
& 00057[17/05/2023]
C58
7.5
6150.0
-15.0
38.0
29.0
7.0
17.0
43.0
0.0
7.0
& 00058[17/05/2023]
C59
0.3
4800.0
-18.0
38.0
32.6
10.0
24.0
46.1
0.0
9.0
& 00059[09/06/2025]
C60/61
34033
4.5E7
-18.0
52.0
10.0
12.0
1.0
53.0
0.0
11.0
& 00060[09/06/2025]
C62
34549
1.1E7
-20.0
45.0
37.0
0.0
47.0
8.5
0.0
12.0
& 00061[17/05/2023]
C63
3.0
650.0
-20.0
50.0
13.6
22.0
29.0
38.55
0.0
9.0
& 00062[17/05/2023]
C64
11.0
4830.0
-24.0
57.0
18.0
7.0
18.0
41.0
0.0
7.0
& 00063[08/06/2025]
C65
85000
1.14E7
-25.0
17.0
18.0
0.0
47.0
33.0
0.0
12.0
& 00064[17/05/2023]
C66
66.0
114100.0
-26.0
32.0
18.0
14.0
39.0
36.5
0.0
10.0
& 00065[09/06/2025]
C67
60868
4.5E7
-30.0
16.0
30.0
2.0
46.0
19.0
0.0
12.0
& 00066[17/05/2023]
C68
0.2
400.0
-36.0
57.0
28.0
19.0
1.0
55.4
0.0
8.0
& 00067[17/05/2023]
C69
2.0
3400.0
-37.0
6.0
15.94
17.0
13.0
44.2
0.0
9.0
& 00068[08/06/2025]
C70
27600.0
6070000.0
-37.0
41.0
4.0
0.0
54.0
53.5
0.0
12.0
& 00069[17/05/2023]
C71
14.0
3600.0
-38.0
32.0
0.0
7.0
52.0
9.8
0.0
7.0
& 00070[08/06/2025]
C72
34000
6500000.0
-39.0
11.0
48.0
0.0
14.0
53.6
0.0
12.0
& 00071[17/05/2023]
C73
63.2
39500.0
-40.0
2.0
47.6
5.0
14.0
6.76
0.0
10.0
& 00072[17/05/2023]
C74
0.4
2000.0
-40.0
26.0
11.06
10.0
7.0
1.764
0.0
9.0
& 00073[17/05/2023]
C75
7.85
1860.0
-40.0
40.0
0.0
16.0
25.0
36.0
0.0
7.0
& 00074[17/05/2023]
C76
12.22
5600.0
-41.0
48.0
0.0
16.0
54.0
0.0
0.0
7.0
& 00075[09/06/2025]
C77
44855
1.2E7
-43.0
1.0
9.0
13.0
25.0
27.6
0.0
12.0
& 00076[17/05/2023]
C78
49.74
22800.0
-43.0
42.0
53.6
18.0
8.0
2.36
0.0
10.0
& 00077[17/05/2023]
C79
40.0
16300.0
-46.0
24.0
44.9
10.0
17.0
36.82
0.0
10.0
& 00078[17/05/2023]
C81
27.95
18300.0
-48.0
25.0
19.8
17.0
25.0
29.11
0.0
10.0
& 00079[17/05/2023]
C82
7.0
3765.3
-48.0
45.0
48.0
16.0
41.0
20.0
0.0
7.0
& 00080[09/06/2025]
C83
31881
1.096E7
-49.0
28.0
6.0
13.0
5.0
27.5
0.0
12.0
& 00081[17/05/2023]
C84
57.44
35900.0
-51.0
22.0
27.3
13.0
46.0
26.81
0.0
10.0
& 00082[17/05/2023]
C85
9.0
574.0
-53.0
2.0
0.0
8.0
40.6
0.0
0.0
7.0
& 00083[17/05/2023]
C86
34.0
7800.0
-53.0
40.0
27.6
17.0
40.0
42.09
0.0
10.0
& 00084[17/05/2023]
C87
100.0
53500.0
-55.0
12.0
58.4
3.0
12.0
16.21
0.0
10.0
& 00085[17/05/2023]
C88
7.0
3900.0
-55.0
36.0
14.0
15.0
5.0
30.6
0.0
7.0
& 00086[17/05/2023]
C89
6.11
3500.0
-57.0
56.0
0.0
16.0
18.0
48.0
0.0
7.0
& 00087[17/05/2023]
C90
0.2
7270.0
-58.0
18.0
40.6167
9.0
21.0
25.38336
0.0
9.0
& 00088[17/05/2023]
C91
10.0
1321.0
-58.0
43.8
0.0
11.0
5.0
33.0
0.0
7.0
& 00089[17/05/2023]
C92
100
8500.0
-59.0
52.0
4.0
10.0
45.0
8.5
0.0
8.0
& 00090[17/05/2023]
C93
1.5
13000.0
-59.0
59.0
4.4
19.0
10.0
52.11
0.0
10.0
& 00091[17/05/2023]
C94
9.3
6440.0
-60.0
22.0
0.0
12.0
53.0
42.0
0.0
7.0
& 00092[17/05/2023]
C95
5.0
2700.0
-60.0
30.0
0.0
16.0
3.0
42.0
0.0
7.0
& 00093[17/05/2023]
C96
6.0
1300.0
-60.0
52.0
0.0
7.0
58.0
20.0
0.0
7.0
& 00094[17/05/2023]
C97
10.0
5500.0
-61.0
37.0
0.0
11.0
36.1
0.0
0.0
7.0
& 00095[17/05/2023]
C98
3.5
4000.0
-62.0
59.0
42.0
12.0
42.0
18.0
0.0
7.0
& 00096[17/05/2023]
C99
30
587.0
-62.0
30.0
0.0
12.0
50.0
0.0
0.0
8.0
& 00097[17/05/2023]
C100
71.0
6500.0
-63.0
2.0
0.0
11.0
36.0
36.0
0.0
8.0
& 00098[08/06/2025]
C101
87500.0
3.1E7
-63.0
51.0
27.0
19.0
9.0
46.1
0.0
12.0
& 00099[17/05/2023]
C102
5.0
486.0
-64.0
23.0
39.0
10.0
42.0
57.5
0.0
7.0
& 00100[17/05/2023]
C103
79.0
157000.0
-69.0
6.0
0.0
5.0
38.0
42.0
0.0
7.0
& 00101[17/05/2023]
C104
60.0
29290.0
-70.0
50.0
55.6
1.0
3.0
14.26
0.0
10.0
& 00102[17/05/2023]
C105
42.0
21500.0
-70.0
52.0
35.4
12.0
59.0
33.92
0.0
10.0
& 00103[17/05/2023]
C106
60.0
14500.0
-72.0
4.0
52.6
0.0
24.0
5.67
0.0
10.0
& 00104[17/05/2023]
C107
72.72
50000.0
-72.0
12.0
6.0
16.0
25.0
48.6
0.0
10.0
& 00105[17/05/2023]
C108
49.5
18900.0
-72.0
39.0
32.7
12.0
25.0
45.43
0.0
10.0
& 00106[17/05/2023]
C109
1.25
6440.0
-80.0
51.0
30.73
10.0
9.0
20.91
0.0
7.0
& 00001[21/05/2023]
NGC129
10.0
5450.0
60.0
13.0
6.0
0.0
30.0
0.0
0.0
7.0
& 00002[21/05/2023]
NGC136
4.0
17000.0
61.0
30.0
33.0
0.0
31.0
30.8
0.0
7.0
& 00003[21/05/2023]
NGC157
45000.0
7.63E7
-8.0
23.0
47.36
0.0
34.0
46.751
0.0
12.0
& 00004[21/05/2023]
NGC225
4.0
2143.0
61.0
47.0
0.0
0.0
43.7
0.0
0.0
7.0
& 00005[21/05/2023]
NGC278
10000.0
3.7E7
47.0
33.0
2.0
0.0
52.0
4.3
0.0
12.0
& 00006[21/05/2023]
NGC288
56.0
30000.0
-26.0
34.0
57.4
0.0
52.0
45.24
0.0
10.0
& 00007[21/05/2023]
NGC381
15.0
3120.0
61.0
35.0
2.0
1.0
8.0
19.9
0.0
7.0
& 00008[21/05/2023]
NGC404
7500.0
1.0E7
35.0
43.0
4.0
1.0
9.0
27.0
0.0
12.0
& 00009[21/05/2023]
NGC436
7.1
9800.0
58.0
49.0
12.0
1.0
16.0
0.2
0.0
7.0
& 00010[21/05/2023]
NGC488
75000.0
9.83E7
15.0
24.0
19.0
1.0
21.0
46.8
0.0
12.0
& 00011[21/05/2023]
NGC524
42500.0
8.61E7
9.0
32.0
20.0
1.0
24.0
47.7
0.0
12.0
& 00012[21/05/2023]
NGC584
50000.0
6.228E7
-6.0
52.0
5.02
1.0
31.0
20.755
0.0
12.0
& 00013[21/05/2023]
NGC596
40000.0
6.7E7
-7.0
1.0
55.0
1.0
32.0
52.1
0.0
12.0
& 00014[21/05/2023]
NGC613
50000.0
6.75E7
-29.0
25.0
6.56
1.0
34.0
18.235
0.0
12.0
& 00015[22/05/2023]
NGC615
32500.0
8.5E7
-7.0
20.0
25.0
1.0
35.0
5.7
0.0
12.0
& 00016[22/05/2023]
NGC637
3.0
7045.0
64.0
2.0
24.0
1.0
43.0
4.0
0.0
7.0
& 00017[22/05/2023]
NGC654
7.0
7830.0
61.0
53.0
6.0
1.0
44.0
0.0
0.0
7.0
& 00018[22/05/2023]
NGC659
7.5
8200.0
60.0
40.0
0.0
1.0
44.0
4.0
0.0
7.0
& 00019[22/05/2023]
NGC720
52500.0
8.0E7
-13.0
44.0
19.0
1.0
53.0
0.5
0.0
12.0
& 00020[22/05/2023]
NGC772
120000.0
1.3E8
19.0
0.0
27.0
1.0
59.0
19.6
0.0
12.0
& 00021[22/05/2023]
NGC779
37500.0
5.9E7
-5.0
57.0
48.0
1.0
59.0
42.3
0.0
12.0
& 00022[22/05/2023]
NGC908
57500.0
5.6E7
-21.0
14.0
2.0
2.0
23.0
4.6
0.0
12.0
& 00023[22/05/2023]
NGC936
45000.0
6.77E7
-1.0
9.0
22.0
2.0
27.0
37.4
0.0
12.0
& 00024[22/05/2023]
NGC1022
25000.0
6.77E7
-6.0
40.0
38.96
2.0
38.0
32.74
0.0
12.0
& 00025[22/05/2023]
NGC1023
45000.0
3.4E7
39.0
3.0
48.0
2.0
40.0
24.0
0.0
12.0
& 00026[22/05/2023]
NGC1027
9.0
3100.0
61.0
38.0
0.0
2.0
42.0
43.0
0.0
7.0
& 00027[22/05/2023]
NGC1052
27052.6
6.2E7
-8.0
15.0
20.7517
2.0
41.0
4.79851
0.0
12.0
& 00028[22/05/2023]
NGC1055
57479.5
5.2E7
0.0
26.0
35.0
2.0
41.0
45.2
0.0
12.0
& 00029[22/05/2023]
NGC1084
27358.0
6.27E7
-7.0
34.0
43.1
2.0
45.0
59.926
0.0
12.0
& 00030[23/05/2023]
NGC1245
14.25
9800.0
47.0
15.0
11.0
3.0
14.0
48.0
0.0
7.0
& 00031[23/05/2023]
NGC1342
5.3
2170.0
37.0
22.0
36.0
3.0
31.0
38.0
0.0
7.0
& 00032[23/05/2023]
NGC1407
50847.0
7.6E7
-18.0
34.0
48.0
3.0
40.0
11.9
0.0
12.0
& 00033[23/05/2023]
NGC1444
2.44
4200.0
52.0
29.0
24.0
3.0
49.0
23.8
0.0
7.0
& 00034[23/05/2023]
NGC1501
0.5
4240.0
60.0
55.0
14.4
4.0
6.0
59.39
0.0
9.0
& 00035[27/05/2023]
NGC1502
5.5
3452.0
62.0
19.0
55.2
4.0
7.0
48.96
0.0
7.0
& 00036[27/05/2023]
NGC1513
-1.0
4900.0
49.0
31.0
2.0
4.0
9.0
54.7
-1.0
7.0
& 00037[28/05/2023]
NGC1528
10.4
3110.0
51.0
13.0
4.8
4.0
15.0
30.72
0.0
7.0
& 00038[28/05/2023]
NGC1535
0.52
5500.0
-12.0
44.0
21.68
4.0
14.0
15.782
0.0
9.0
& 00039[28/05/2023]
NGC1545
6.75
2320.0
50.0
15.0
12.0
4.0
20.0
50.0
0.0
7.0
& 00040[28/05/2023]
NGC1647
11.78
1800.0
19.0
6.0
54.0
4.0
45.0
55.0
0.0
7.0
& 00041[28/05/2023]
NGC1664
11.0
4200.0
43.0
40.0
3.0
4.0
51.0
6.0
0.0
7.0
& 00042[28/05/2023]
NGC1788
1.5
1300.0
-3.0
21.0
0.0
5.0
6.0
54.0
0.0
8.0
& 00043[28/05/2023]
NGC1817
8.7
6430.0
16.0
41.0
2.0
5.0
12.0
15.0
0.0
7.0
& 00044[28/05/2023]
NGC1857
5.6
7800.0
39.0
19.0
30.0
5.0
19.0
56.4
0.0
7.0
& 00045[28/05/2023]
NGC1907
12.5
4500.0
35.0
19.0
30.0
5.0
28.0
6.0
0.0
7.0
& 00046[28/05/2023]
NGC1931
3.0
7000.0
34.0
15.0
0.0
5.0
31.0
0.0
0.0
8.0
& 00047[28/05/2023]
NGC1961
117500.0
1.73E8
69.0
22.0
42.0
5.0
42.0
4.6
0.0
12.0
& 00048[28/05/2023]
NGC1964
52941.0
6.5E7
-21.0
56.0
45.0
5.0
33.0
21.8
0.0
12.0
& 00049[28/05/2023]
NGC1980
4.0
1793.0
-5.0
54.0
36.0
5.0
25.0
26.0
0.0
8.0
& 00050[28/05/2023]
NGC1999
0.3
1500.0
-6.0
43.0
18.0
5.0
36.0
27.0
0.0
8.0
& 00051[29/05/2023]
NGC2022
0.33
8210.0
9.0
5.0
10.5843
5.0
42.0
6.19056
0.0
9.0
& 00052[29/05/2023]
NGC2024
6.0
1350.0
-1.0
51.0
0.0
5.0
41.0
54.0
0.0
8.0
& 00053[29/05/2023]
NGC2126
3.4
3900.0
49.0
51.0
57.0
6.0
2.0
33.0
0.0
7.0
& 00054[29/05/2023]
NGC2129
5.2
7200.0
23.0
10.0
20.0
6.0
1.0
6.5
0.0
7.0
& 00055[29/05/2023]
NGC2158
8.0
11000.0
24.0
5.8
0.0
6.0
7.0
25.0
0.0
7.0
& 00056[29/05/2023]
NGC2169
3.4
3600.0
13.0
57.0
0.0
6.0
8.4
0.0
0.0
7.0
& 00057[29/05/2023]
NGC2185
0.41
2800.0
-6.0
13.0
37.0
6.0
11.0
0.4
0.0
8.0
& 00058[29/05/2023]
NGC2186
3.4
4700.0
5.0
27.0
31.0
6.0
12.0
7.1
0.0
7.0
& 00059[29/05/2023]
NGC2194
16.13
12320.0
12.0
49.0
5.0
6.0
13.0
46.0
0.0
7.0
& 00060[29/05/2023]
NGC2204
16.25
8600.0
-18.0
39.0
0.0
6.0
15.7
0.0
0.0
7.0
& 00061[29/05/2023]
NGC2215
4.9
4200.0
-7.0
17.0
2.0
6.0
20.0
49.2
0.0
7.0
& 00062[29/05/2023]
NGC2232
7.6
1060.0
-4.0
50.0
51.0
6.0
28.0
1.1
0.0
7.0
& 00064[02/06/2023]
NGC2251
6.3
4300.0
8.0
21.0
59.0
6.0
34.0
38.5
0.0
7.0
& 00065[02/06/2023]
NGC2264
6.8
2350.0
9.0
53.0
0.0
6.0
41.0
0.0
0.0
8.0
& 00066[02/06/2023]
NGC2266
16.1
11000.0
26.0
59.0
6.0
6.0
43.0
20.2
0.0
7.0
& 00067[02/06/2023]
NGC2281
6.3
1722.0
41.0
4.0
4.0
6.0
48.0
17.0
0.0
7.0
& 00068[02/06/2023]
NGC2286
20.5
9400.0
-3.0
8.0
52.0
6.0
47.0
40.2
0.0
7.0
& 00069[02/06/2023]
NGC2301
5.0
2840.0
0.0
27.0
36.0
6.0
51.0
45.0
0.0
7.0
& 00069[02/06/2023]
NGC2304
5.7
13000.0
17.0
59.0
34.0
6.0
55.0
11.6
0.0
7.0
& 00070[02/06/2023]
NGC2311
6.6
6500.0
-4.0
36.0
41.0
6.0
57.0
47.5
0.0
7.0
& 00071[02/06/2023]
NGC2324
14.4
12400.0
1.0
2.0
41.0
7.0
4.0
7.9
0.0
7.0
& 00072[02/06/2023]
NGC2335
4.7
4600.0
-10.0
1.0
43.0
7.0
6.0
49.4
0.0
7.0
& 00073[02/06/2023]
NGC2343
3.0
3400.0
-10.0
37.0
1.0
7.0
8.0
6.8
0.0
7.0
& 00074[02/06/2023]
NGC2353
10.6
3650.0
-10.0
16.0
0.0
7.0
14.0
30.0
0.0
7.0
& 00075[02/06/2023]
NGC2354
34.8
13300.0
-25.0
41.0
20.0
7.0
14.0
5.3
0.0
7.0
& 00076[02/06/2023]
NGC2355
3.9
5380.0
13.0
47.0
0.0
7.0
17.0
0.0
0.0
7.0
& 00077[02/06/2023]
NGC2395
3.7
1700.0
13.0
36.0
30.0
7.0
27.0
12.8
0.0
7.0
& 00078[02/06/2023]
NGC2655
44898.6
6.3E7
78.0
13.0
3.0
8.0
55.0
37.7
0.0
12.0
& 00079[02/06/2023]
NGC2613
86106.0
7.8E7
-22.0
58.0
25.21
8.0
33.0
22.841
0.0
12.0
& 00080[02/06/2023]
NGC2681
26703.54
5.1E7
51.0
18.0
49.0
8.0
53.0
32.7
0.0
12.0
& 00081[02/06/2023]
NGC2683
41295.8
3.053E7
33.0
25.0
19.0
8.0
52.0
41.3
0.0
12.0
& 00082[02/06/2023]
NGC2742
26616.27
6.1E7
60.0
28.0
46.0
9.0
7.0
33.5
0.0
12.0
& 00083[02/06/2023]
NGC2768
59573.9
6.4E7
60.0
2.0
14.0
9.0
11.0
37.5
0.0
12.0
& 00084[02/06/2023]
NGC2782
60810.2
1.13E8
40.0
6.0
49.0
9.0
14.0
5.1
0.0
12.0
& 00085[02/06/2023]
NGC2787
16231.6
3.6E7
69.0
12.0
12.0
9.0
19.0
18.6
0.0
12.0
& 00086[02/06/2023]
NGC2811
35270.2
9.7E7
-16.0
18.0
46.0
9.0
16.0
11.1
0.0
12.0
& 00087[02/06/2023]
NGC2841
54192.5
4.6E7
50.0
58.0
35.32
9.0
22.0
2.655
0.0
12.0
& 00088[02/06/2023]
NGC2859
50000.0
7.4E7
34.0
30.0
49.0
9.0
24.0
18.5
0.0
12.0
& 00089[02/06/2023]
NGC2903
50000.0
3.04E7
21.0
30.0
2.99
9.0
32.0
10.111
0.0
12.0
& 00090[02/06/2023]
NGC2950
24347.3
6.2E7
58.0
51.0
4.55
9.0
42.0
35.146
0.0
12.0
& 00091[02/06/2023]
NGC2964
25644.7
6.08E7
31.0
50.0
51.0
9.0
42.0
54.2
0.0
12.0
& 00092[02/06/2023]
NGC2974
45305.8
8.9E7
-3.0
41.0
57.0
9.0
42.0
33.0
0.0
12.0
& 00093[02/06/2023]
NGC2976
9937.3
1.16E7
67.0
54.0
58.97
9.0
47.0
15.458
0.0
12.0
& 00094[02/06/2023]
NGC2985
46899.9
7.01E7
72.0
16.0
43.0
9.0
50.0
22.2
0.0
12.0
& 00095[02/06/2023]
NGC3077
10000.0
1.2E7
68.0
44.0
2.0
10.0
3.0
19.1
0.0
12.0
& 00096[02/06/2023]
NGC3079
57450.4
5.0E7
55.0
40.0
47.0
10.0
1.0
57.8
0.0
12.0
& 00097[02/06/2023]
NGC3147
73172.9
1.29E8
73.0
24.0
3.0
10.0
16.0
53.7
0.0
12.0
& 00098[02/06/2023]
NGC3166
45000.0
4.7E7
3.0
25.0
30.0
10.0
13.0
45.8
0.0
12.0
& 00099[02/06/2023]
NGC3169
34819.3
5.7E7
3.0
27.0
58.03
10.0
14.0
15.099
0.0
12.0
& 00100[02/06/2023]
NGC3184
30000.0
3.98E7
41.0
25.0
28.0
10.0
18.0
17.0
0.0
12.0
& 00101[02/06/2023]
NGC3190
50556.4
7.9E7
21.0
49.0
58.0
10.0
18.0
5.6
0.0
12.0
& 00102[03/06/2023]
NGC3193
16871.5
5.8E7
21.0
53.0
38.0
10.0
18.0
24.9
0.0
12.0
& 00103[03/06/2023]
NGC3198
58104.9
4.7E7
45.0
32.0
58.88
10.0
19.0
54.99
0.0
12.0
& 00104[03/06/2023]
NGC3226
25598.2
5.5E7
19.0
53.0
55.0
10.0
23.0
27.0
0.0
12.0
& 00105[03/06/2023]
NGC3227
60475.7
7.7E7
19.0
51.0
54.0
10.0
23.0
30.6
0.0
12.0
& 00106[03/06/2023]
NGC3245
26529.0
5.7E7
28.0
30.0
27.0
10.0
27.0
18.4
0.0
12.0
& 00107[03/06/2023]
NGC3277
18631.4
6.1E7
28.0
30.0
42.0
10.0
32.0
55.4
0.0
12.0
& 00108[03/06/2023]
NGC3294
31685.6
9.8E7
37.0
19.0
29.02
10.0
36.0
16.255
0.0
12.0
& 00109[03/06/2023]
NGC3310
15690.5
3.48E7
53.0
30.0
11.89
10.0
38.0
45.857
0.0
12.0
& 00110[03/06/2023]
NGC3344
23234.7
2.25E7
24.0
55.0
19.99
10.0
43.0
31.15
0.0
12.0
& 00111[03/06/2023]
NGC3377
8470.7
1.12E7
13.0
59.0
8.0
10.0
47.0
42.4
0.0
12.0
& 00112[03/06/2023]
NGC3384
27500.0
3.7E7
12.0
37.0
45.0
10.0
48.0
16.9
0.0
12.0
& 00113[03/06/2023]
NGC3395
21991.0
7.2E7
32.0
59.2
0.0
10.0
49.9
0.0
0.0
12.0
& 00114[03/06/2023]
NGC3412
17758.7
3.3E7
13.0
24.0
43.7
10.0
50.0
53.3
0.0
12.0
& 00115[03/06/2023]
NGC3414
40000.0
6.4E7
27.0
58.0
30.0
10.0
51.0
16.2
0.0
12.0
& 00116[03/06/2023]
NGC3432
42500.0
2.7E7
36.0
37.0
7.6
10.0
52.0
31.13
0.0
12.0
& 00117[03/06/2023]
NGC3486
29947.0
2.9E7
28.0
58.0
30.0
11.0
0.0
23.9
0.0
12.0
& 00118[03/06/2023]
NGC3489
13613.6
2.6E7
13.0
54.0
4.0
11.0
0.0
18.6
0.0
12.0
& 00119[03/06/2023]
NGC3504
32500.0
6.7E7
27.0
58.0
21.0
11.0
3.0
11.2
0.0
12.0
& 00120[03/06/2023]
NGC3521
72500.0
3.0E7
-0.0
2.0
9.11
11.0
5.0
48.581
0.0
12.0
& 00121[03/06/2023]
NGC3593
18151.4
2.4E7
12.0
49.0
4.0
11.0
14.0
37.0
0.0
12.0
& 00122[03/06/2023]
NGC3607
26092.7
3.9E7
18.0
3.0
6.0
11.0
16.0
54.6
0.0
12.0
& 00123[03/06/2023]
NGC3608
24201.9
5.2E7
18.0
8.0
55.26
11.0
16.0
58.951
0.0
12.0
& 00124[03/06/2023]
NGC3610
31415.9
8.0E7
58.0
47.0
10.62
11.0
18.0
25.273
0.0
12.0
& 00125[03/06/2023]
NGC3613
18529.6
9.8E7
57.0
59.0
59.73
11.0
18.0
36.13
0.0
12.0
& 00126[03/06/2023]
NGC3619
28667.0
7.3E7
57.0
45.0
28.17
11.0
19.0
21.56
0.0
12.0
& 00127[03/06/2023]
NGC3621
42500.0
2.4E7
-32.0
48.0
51.0
11.0
18.0
16.5
0.0
12.0
& 00128[04/06/2023]
NGC3628
60000.0
3.4E7
13.0
35.0
22.86
11.0
20.0
16.97
0.0
12.0
& 00129[04/06/2023]
NGC3631
40000.0
5.4E7
53.0
10.0
10.45
11.0
21.0
2.874
0.0
12.0
& 00130[04/06/2023]
NGC3640
55000.0
5.3E7
3.0
14.0
5.4
11.0
21.0
6.85
0.0
12.0
& 00131[04/06/2023]
NGC3655
13744.5
6.3E7
16.0
35.0
24.0
11.0
22.0
54.6
0.0
12.0
& 00132[04/06/2023]
NGC3665
58163.0
9.3E7
38.0
45.0
46.0
11.0
24.0
43.7
0.0
12.0
& 00133[04/06/2023]
NGC3675
52500.0
3.6E7
43.0
35.0
9.3
11.0
26.0
8.58
0.0
12.0
& 00134[04/06/2023]
NGC3686
22805.6
4.9E7
17.0
13.0
27.0
11.0
27.0
44.0
0.0
12.0
& 00135[04/06/2023]
NGC3726
47500.0
4.1E7
47.0
1.0
45.0
11.0
33.0
21.1
0.0
12.0
& 00136[04/06/2023]
NGC3729
21089.4
5.0E7
53.0
7.0
32.0
11.0
33.0
49.3
0.0
12.0
& 00137[04/06/2023]
NGC3810
30000.0
4.1E7
11.0
28.0
16.0
11.0
40.0
58.7
0.0
12.0
& 00138[04/06/2023]
NGC3813
19198.6
6.6E7
36.0
32.0
48.0
11.0
41.0
18.6
0.0
12.0
& 00139[04/06/2023]
NGC3877
32376.0
4.2E7
47.0
29.0
40.0
11.0
46.0
7.7
0.0
12.0
& 00140[04/06/2023]
NGC3898
35837.0
5.6E7
56.0
5.0
4.0
11.0
49.0
15.4
0.0
12.0
& 00141[04/06/2023]
NGC3900
36768.0
7.9E7
27.0
1.0
19.0
11.0
49.0
9.4
0.0
12.0
& 00142[04/06/2023]
NGC3912
17017.0
7.8E7
26.0
28.0
45.0
11.0
49.0
4.4
0.0
12.0
& 00143[04/06/2023]
NGC3938
29845.0
3.8E7
44.0
7.0
14.6
11.0
52.0
49.45
0.0
12.0
& 00144[04/06/2023]
NGC3941
21380.0
4.2E7
36.0
59.0
11.0
11.0
52.0
55.3
0.0
12.0
& 00145[04/06/2023]
NGC3945
45000.0
6.2E7
60.0
40.0
32.0
11.0
53.0
13.7
0.0
12.0
& 00146[04/06/2023]
NGC3949
22500.0
3.8E7
47.0
51.0
31.0
11.0
53.0
41.7
0.0
12.0
& 00147[04/06/2023]
NGC3953
55000.0
5.0E7
52.0
19.0
36.0
11.0
53.0
48.9
0.0
12.0
& 00148[04/06/2023]
NGC3962
31387.0
8.3E7
-13.0
58.0
30.0
11.0
54.0
40.1
0.0
12.0
& 00149[04/06/2023]
NGC3982
17730.0
5.3E7
55.0
7.0
31.0
11.0
56.0
28.1
0.0
12.0
& 00150[04/06/2023]
NGC3998
20028.0
5.1E7
55.0
27.0
12.9
11.0
57.0
56.13
0.0
12.0
& 00151[04/06/2023]
NGC4026
35547.0
4.7E7
50.0
57.0
42.1
11.0
59.0
25.19
0.0
12.0
& 00152[05/06/2023]
NGC2420
15.0
10000.0
21.0
34.0
27.0
7.0
38.0
23.9
0.0
7.0
& 00153[05/06/2023]
NGC2421
8.26
7100.0
-20.0
36.0
44.0
7.0
36.0
11.8
0.0
7.0
& 00154[05/06/2023]
NGC2423
7.5
2500.0
-13.0
52.0
17.0
7.0
37.0
6.7
0.0
7.0
& 00155[05/06/2023]
NGC2438
0.5
2900.0
-14.0
44.0
9.0
7.0
41.0
50.4
0.0
9.0
& 00156[05/06/2023]
NGC2440
0.3
1600.0
-18.0
12.0
30.0
7.0
41.0
55.3
0.0
9.0
& 00157[05/06/2023]
NGC2479
6.2
3900.0
-17.0
42.0
28.0
7.0
55.0
6.0
0.0
7.0
& 00158[05/06/2023]
NGC2482
6.4
4400.0
-24.0
15.0
17.0
7.0
55.0
10.4
0.0
7.0
& 00159[05/06/2023]
NGC2489
9.4
12900.0
-30.0
3.0
39.0
7.0
56.0
14.9
0.0
7.0
& 00160[05/06/2023]
NGC2509
5.0
3000.0
-19.0
3.0
2.0
8.0
0.0
47.8
0.0
7.0
& 00161[05/06/2023]
NGC2527
5.7
1960.0
-28.0
8.0
48.0
8.0
4.0
58.0
0.0
7.0
& 00162[05/06/2023]
NGC2539
9.6
4400.0
-12.0
49.0
14.0
8.0
10.0
37.0
0.0
7.0
& 00163[05/06/2023]
NGC2567
8.8
5500.0
-30.0
38.0
8.0
8.0
18.0
35.2
0.0
7.0
& 00164[05/06/2023]
NGC2571
4.5
4400.0
-29.0
44.0
57.0
8.0
18.0
56.3
0.0
7.0
& 00165[05/06/2023]
NGC2627
8.7
6630.0
-29.0
57.0
1.0
8.0
37.0
14.9
0.0
7.0
& 00166[05/06/2023]
NGC4147
38.4
60000.0
18.0
32.0
31.78
12.0
10.0
6.149
0.0
10.0
& 00167[05/06/2023]
NGC4361
0.76
2500.0
-18.0
47.0
5.0
12.0
24.0
30.7
0.0
9.0
& 00168[05/06/2023]
NGC5466
37.6
51900.0
28.0
32.0
4.0
14.0
5.0
27.29
0.0
10.0
& 00169[05/06/2023]
NGC5897
65.0
40000.0
-21.0
0.0
36.0
15.0
17.0
24.4
0.0
10.0
& 00170[05/06/2023]
NGC6144
29.8
27700.0
-26.0
1.0
29.0
16.0
27.0
14.1
0.0
10.0
& 00171[05/06/2023]
NGC6229
64.9
99200.0
47.0
31.0
40.0
16.0
46.0
58.8
0.0
10.0
& 00172[05/06/2023]
NGC6235
27.3
37500.0
-22.0
10.0
39.0
16.0
53.0
25.3
0.0
10.0
& 00173[05/06/2023]
NGC6284
45.0
49900.0
-24.0
45.0
52.0
17.0
4.0
28.7
0.0
10.0
& 00174[05/06/2023]
NGC6287
21.15
30300.0
-22.0
42.0
29.0
17.0
5.0
9.3
0.0
10.0
& 00175[05/06/2023]
NGC6293
35.0
29300.0
-26.0
34.0
54.0
17.0
10.0
10.4
0.0
10.0
& 00176[05/06/2023]
NGC6304
22.3
19200.0
-29.0
27.0
44.0
17.0
14.0
32.5
0.0
10.0
& 00177[05/06/2023]
NGC6316
26.6
33900.0
-28.0
8.0
24.0
17.0
16.0
37.4
0.0
10.0
& 00178[05/06/2023]
NGC6342
17.7
27700.0
-19.0
35.0
15.0
17.0
21.0
10.1
0.0
10.0
& 00179[05/06/2023]
NGC6355
18.3
30000.0
-26.0
21.0
12.0
17.0
23.0
58.6
0.0
10.0
& 00180[05/06/2023]
NGC6356
25.0
50000.0
-17.0
48.0
47.0
17.0
23.0
35.0
0.0
10.0
& 00181[05/06/2023]
NGC6369
0.34
3500.0
-23.0
45.0
34.0
17.0
29.0
20.5
0.0
9.0
& 00182[05/06/2023]
NGC6401
24.2
34600.0
-23.0
54.0
31.6
17.0
38.0
36.9
0.0
10.0
& 00183[05/06/2023]
NGC6426
41.0
67200.0
3.0
10.0
13.0
17.0
44.0
54.7
0.0
10.0
& 00184[05/06/2023]
NGC6440
17.7
27700.0
-20.0
21.0
35.0
17.0
48.0
52.7
0.0
10.0
& 00185[05/06/2023]
NGC6517
20.0
34600.0
-8.0
57.0
34.0
18.0
1.0
50.3
0.0
10.0
& 00186[05/06/2023]
NGC6522
35.0
25100.0
-30.0
2.0
2.3
18.0
3.0
34.1
0.0
10.0
& 00187[05/06/2023]
NGC6528
20.0
28000.0
-30.0
3.0
21.0
18.0
4.0
49.6
0.0
10.0
& 00188[05/06/2023]
NGC6544
12.8
9780.0
-24.0
59.0
54.0
18.0
7.0
20.0
0.0
10.0
& 00189[05/06/2023]
NGC6553
26.0
19600.0
-25.0
54.0
28.0
18.0
9.0
17.5
0.0
10.0
& 00190[05/06/2023]
NGC6569
33.0
35600.0
-31.0
49.0
40.0
18.0
13.0
38.7
0.0
10.0
& 00191[05/06/2023]
NGC6624
33.0
25600.0
-30.0
21.0
41.0
18.0
23.0
40.6
0.0
10.0
& 00192[05/06/2023]
NGC6638
32.5
30600.0
-25.0
29.0
47.0
18.0
30.0
56.2
0.0
10.0
& 00193[05/06/2023]
NGC6642
19.4
23000.0
-23.0
28.0
34.0
18.0
31.0
54.2
0.0
10.0
& 00194[05/06/2023]
NGC6712
37.6
26400.0
-8.0
42.0
20.0
18.0
53.0
4.9
0.0
10.0
& 00195[05/06/2023]
NGC4027
32638.0
6.8E7
-19.0
15.0
54.8
11.0
59.0
30.17
0.0
12.0
& 00196[05/06/2023]
NGC4030
35000.0
6.0E7
-1.0
6.0
0.34
12.0
0.0
23.627
0.0
12.0
& 00197[05/06/2023]
NGC4036
41902.0
6.7E7
61.0
53.0
44.81
12.0
1.0
26.753
0.0
12.0
& 00198[05/06/2023]
NGC4041
23562.0
6.0E7
62.0
8.0
14.0
12.0
2.0
12.202
0.0
12.0
& 00199[05/06/2023]
NGC4051
24958.0
3.3E7
44.0
31.0
52.8
12.0
3.0
9.614
0.0
12.0
& 00200[06/06/2023]
NGC4085
14661.0
3.6E7
50.0
21.0
11.0
12.0
5.0
22.7
0.0
12.0
& 00201[06/06/2023]
NGC4088
30000.0
3.7E7
50.0
32.0
21.0
12.0
5.0
34.2
0.0
12.0
& 00202[06/06/2023]
NGC4102
18486.0
4.1E7
52.0
42.0
40.0
12.0
6.0
23.0
0.0
12.0
& 00203[06/06/2023]
NGC4111
24755.0
3.7E7
43.0
3.0
56.59
12.0
7.0
3.132
0.0
12.0
& 00204[06/06/2023]
NGC4143
14719.0
4.4E7
42.0
32.0
3.0
12.0
9.0
36.064
0.0
12.0
& 00205[06/06/2023]
NGC4150
14050.0
4.2E7
30.0
24.0
6.0
12.0
10.0
33.6
0.0
12.0
& 00206[06/06/2023]
NGC4151
42150.0
4.6E7
39.0
24.0
21.0
12.0
10.0
32.6
0.0
12.0
& 00207[06/06/2023]
NGC4179
32500.0
5.4E7
1.0
17.0
58.9
12.0
12.0
52.113
0.0
12.0
& 00208[06/06/2023]
NGC4203
25000.0
4.9E7
33.0
11.0
50.382
12.0
15.0
5.055
0.0
12.0
& 00209[06/06/2023]
NGC4214
15000.0
1.4E7
36.0
19.0
37.0
12.0
15.0
39.2
0.0
12.0
& 00210[06/06/2023]
NGC4216
65000.0
5.3E7
13.0
8.0
58.0
12.0
15.0
54.4
0.0
12.0
& 00211[06/06/2023]
NGC4245
17500.0
3.9E7
29.0
36.0
28.83
12.0
17.0
36.773
0.0
12.0
& 00212[06/06/2023]
NGC4251
25000.0
4.7E7
28.0
10.0
31.41
12.0
18.0
8.249
0.0
12.0
& 00213[06/06/2023]
NGC4261
60000.0
9.5E7
5.0
49.0
31.0
12.0
19.0
23.2
0.0
12.0
& 00214[06/06/2023]
NGC4273
34456.0
1.03E8
5.0
20.0
36.0
12.0
19.0
56.076
0.0
12.0
& 00215[06/06/2023]
NGC4274
42500.0
4.1E7
29.0
36.0
52.12
12.0
19.0
50.592
0.0
12.0
& 00216[06/06/2023]
NGC4278
32000.0
5.5E7
29.0
16.0
50.72
12.0
20.0
6.824
0.0
12.0
& 00217[06/06/2023]
NGC4281
50615.0
1.16E8
5.0
23.0
11.0
12.0
20.0
21.5
0.0
12.0
& 00218[06/06/2023]
NGC4293
42500.0
3.8E7
18.0
22.0
56.6
12.0
21.0
12.89
0.0
12.0
& 00219[06/06/2023]
NGC4314
27500.0
4.3E7
29.0
53.0
45.19
12.0
22.0
31.824
0.0
12.0
& 00220[06/06/2023]
NGC4346
18617.0
4.0E7
46.0
59.0
37.8
12.0
23.0
27.94
0.0
12.0
& 00221[06/06/2023]
NGC4350
25000.0
5.2E7
16.0
41.0
36.0
12.0
23.0
57.8
0.0
12.0
& 00222[06/06/2023]
NGC4365
55000.0
5.2E7
7.0
19.0
4.0
12.0
24.0
28.3
0.0
12.0
& 00223[06/06/2023]
NGC4371
30000.0
3.7E7
11.0
42.0
15.0
12.0
24.0
55.4
0.0
12.0
& 00224[06/06/2023]
NGC4394
27500.0
5.8E7
18.0
12.0
51.0
12.0
25.0
55.5
0.0
12.0
& 00225[06/06/2023]
NGC4414
20000.0
3.2E7
31.0
13.0
24.7
12.0
26.0
27.1
0.0
12.0
& 00226[06/06/2023]
NGC4419
25000.0
5.2E7
15.0
2.0
51.0
12.0
26.0
56.4
0.0
12.0
& 00227[06/06/2023]
NGC4429
37500.0
4.7E7
11.0
6.0
28.0
12.0
27.0
26.5
0.0
12.0
& 00228[08/06/2023]
NGC4435
14444.0
5.2E7
13.0
0.0
31.0
12.0
27.0
45.6
0.0
12.0
& 00229[08/06/2023]
NGC4442
15000.0
2.2E7
9.0
48.0
13.36
12.0
28.0
3.883
0.0
12.0
& 00230[08/06/2023]
NGC4448
42500.0
2.9E7
28.0
37.0
13.1
12.0
28.0
15.43
0.0
12.0
& 00231[08/06/2023]
NGC4450
37500.0
5.0E7
17.0
5.0
6.0
12.0
28.0
29.6
0.0
12.0
& 00232[08/06/2023]
NGC4459
30000.0
5.1E7
13.0
58.0
42.0
12.0
29.0
0.0
0.0
12.0
& 00233[08/06/2023]
NGC4473
64141.0
9.8E7
13.0
25.0
46.0
12.0
29.0
48.9
0.0
12.0
& 00234[08/06/2023]
NGC4477
35000.0
5.48E7
13.0
38.0
12.0
12.0
30.0
2.2
0.0
12.0
& 00235[08/06/2023]
NGC4478
15000.0
5.22E7
12.0
19.0
43.0
12.0
30.0
17.4
0.0
12.0
& 00236[08/06/2023]
NGC4485
7500.0
2.4E7
41.0
42.0
4.2
12.0
30.0
31.13
0.0
12.0
& 00237[08/06/2023]
NGC4490
25000.0
2.7E7
41.0
38.0
38.03
12.0
30.0
36.239
0.0
12.0
& 00238[08/06/2023]
NGC4494
41888.0
6.0E7
25.0
46.0
30.91
12.0
31.0
24.104
0.0
12.0
& 00239[08/06/2023]
NGC4526
20000.0
2.5E7
7.0
41.0
58.29
12.0
34.0
3.085
0.0
12.0
& 00240[08/06/2023]
NGC4527
70000.0
7.4E7
2.0
39.0
13.0
12.0
34.0
8.4
0.0
12.0
& 00241[08/06/2023]
NGC4535
58500.0
5.414E7
8.0
11.0
51.94
12.0
34.0
20.31
0.0
12.0
& 00242[08/06/2023]
NGC4536
57500.0
7.7E7
2.0
11.0
17.0
12.0
34.0
27.0
0.0
12.0
& 00243[08/06/2023]
NGC4546
20639.0
4.3E7
-3.0
47.0
35.0
12.0
35.0
29.5
0.0
12.0
& 00244[08/06/2023]
NGC4550
7500.0
1.8E7
12.0
13.0
15.0
12.0
35.0
30.6
0.0
12.0
& 00245[08/06/2023]
NGC4570
35000.0
5.73E7
7.0
14.0
48.0
12.0
36.0
53.4
0.0
12.0
& 00246[08/06/2023]
NGC4596
27850.0
5.5E7
10.0
10.0
34.0
12.0
39.0
55.9
0.0
12.0
& 00247[08/06/2023]
NGC4618
15000.0
2.6E7
41.0
9.0
3.0
12.0
41.0
32.8
0.0
12.0
& 00248[08/06/2023]
NGC4636
52500.0
5.3E7
2.0
41.0
16.0
12.0
42.0
49.8
0.0
12.0
& 00249[08/06/2023]
NGC4643
25000.0
5.6E7
1.0
58.0
42.0
12.0
43.0
20.1
0.0
12.0
& 00250[08/06/2023]
NGC4654
37500.0
4.5E7
13.0
7.0
36.0
12.0
43.0
56.6
0.0
12.0
& 00251[08/06/2023]
NGC4656
66759.0
3.0E7
32.0
10.0
5.0
12.0
43.0
57.7
0.0
12.0
& 00252[08/06/2023]
NGC4660
19750.0
6.3E7
11.0
11.0
26.0
12.0
44.0
32.0
0.0
12.0
& 00253[08/06/2023]
NGC4665
37500.0
5.8E7
3.0
3.0
21.0
12.0
45.0
6.0
0.0
12.0
& 00254[08/06/2023]
NGC4666
45000.0
6.5E7
-0.0
27.0
43.0
12.0
45.0
8.6
0.0
12.0
& 00255[08/06/2023]
NGC4689
35000.0
7.0E7
13.0
45.0
46.0
12.0
47.0
45.5
0.0
12.0
& 00256[08/06/2023]
NGC4698
25000.0
4.3E7
8.0
29.0
15.0
12.0
48.0
22.9
0.0
12.0
& 00257[08/06/2023]
NGC4699
42500.0
6.4E7
-8.0
39.0
54.0
12.0
49.0
2.2
0.0
12.0
& 00258[08/06/2023]
NGC4725
75000.0
5.4E7
25.0
30.0
2.9
12.0
50.0
26.581
0.0
12.0
& 00259[08/06/2023]
NGC4753
50000.0
6.0E7
-1.0
11.0
59.0
12.0
52.0
22.1
0.0
12.0
& 00260[08/06/2023]
NGC4754
40000.0
5.8E7
11.0
18.0
50.0
12.0
52.0
17.5
0.0
12.0
& 00261[08/06/2023]
NGC4762
57500.0
4.2E7
11.0
13.0
51.0
12.0
52.0
56.0
0.0
12.0
& 00262[08/06/2023]
NGC4781
30000.0
5.2E7
-10.0
32.0
13.0
12.0
54.0
23.0
0.0
12.0
& 00263[08/06/2023]
NGC4800
15000.0
4.0E7
46.0
31.0
52.0
12.0
54.0
37.8
0.0
12.0
& 00264[08/06/2023]
NGC4845
50000.0
4.6E7
1.0
34.0
33.0
12.0
58.0
1.2
0.0
12.0
& 00265[08/06/2023]
NGC4856
45000.0
5.5E7
-15.0
2.0
31.8
12.0
59.0
21.27
0.0
12.0
& 00266[08/06/2023]
NGC4866
47500.0
8.7E7
14.0
10.0
16.0
12.0
59.0
27.1
0.0
12.0
& 00267[08/06/2023]
NGC4900
25000.0
6.2E7
2.0
30.0
3.0
13.0
0.0
39.2
0.0
12.0
& 00268[09/06/2023]
Ngc4958
35000.0
6.1E7
-8.0
1.0
13.0
13.0
5.0
48.88
0.0
12.0
& 00269[09/06/2023]
NGC4995
32500.0
7.4E7
-7.0
50.0
0.3
13.0
9.0
40.65
0.0
12.0
& 00270[09/06/2023]
NGC5033
62500.0
4.1E7
36.0
35.0
38.0
13.0
13.0
27.4
0.0
12.0
& 00271[09/06/2023]
NGC5054
54149.0
7.3E7
-16.0
38.0
5.0
13.0
16.0
58.5
0.0
12.0
& 00272[09/06/2023]
NGC5195
21089.0
2.405E7
47.0
15.0
58.0
13.0
29.0
59.6
0.0
12.0
& 00273[09/06/2023]
NGC5273
20769.0
5.1E7
35.0
39.0
15.0
13.0
42.0
8.3
0.0
12.0
& 00274[09/06/2023]
NGC5322
74176.0
8.5E7
60.0
11.0
26.0
13.0
49.0
15.3
0.0
12.0
& 00275[09/06/2023]
NGC5363
50000.0
6.36E7
5.0
15.0
17.0
13.0
56.0
7.2
0.0
12.0
& 00276[09/06/2023]
NGC5364
52500.0
5.4E7
5.0
0.0
52.0
13.0
56.0
12.0
0.0
12.0
& 00277[09/06/2023]
NGC5473
30718.0
9.6E7
54.0
53.0
33.0
14.0
4.0
43.2
0.0
12.0
& 00278[09/06/2023]
NGC5474
15000.0
1.7E7
53.0
39.0
44.0
14.0
5.0
1.6
0.0
12.0
& 00279[09/06/2023]
NGC5557
51313.0
1.47E8
36.0
29.0
36.82
14.0
18.0
25.724
0.0
12.0
& 00280[09/06/2023]
NGC5566
75000.0
6.6E7
3.0
56.0
0.9
14.0
20.0
19.95
0.0
12.0
& 00281[09/06/2023]
NGC5576
37030.0
6.7E7
3.0
16.0
16.0
14.0
21.0
3.7
0.0
12.0
& 00282[09/06/2023]
NGC5631
22995.0
9.3E7
56.0
34.0
57.0
14.0
26.0
33.3
0.0
12.0
& 00283[09/06/2023]
NGC5676
56723.0
1.0E8
49.0
27.0
28.0
14.0
32.0
46.8
0.0
12.0
& 00284[09/06/2023]
NGC5689
48956.0
1.02E8
48.0
44.0
30.0
14.0
35.0
29.7
0.0
12.0
& 00285[09/06/2023]
NGC5746
85000.0
7.7E7
1.0
57.0
18.01
14.0
44.0
55.918
0.0
12.0
& 00286[09/06/2023]
NGC5846
55000.0
9.3E7
1.0
36.0
20.0
15.0
6.0
29.3
0.0
12.0
& 00287[09/06/2023]
NGC5907
75000.0
3.6E7
56.0
19.0
43.58
15.0
15.0
53.77
0.0
12.0
& 00288[09/06/2023]
NGC5982
55000.0
1.42E8
59.0
21.0
21.02
15.0
38.0
49.829
0.0
12.0
& 00289[09/06/2023]
NGC6118
55000.0
8.29E7
-2.0
17.0
0.0
16.0
21.0
48.6
0.0
12.0
& 00290[09/06/2023]
NGC6207
19635.0
4.5E7
36.0
49.0
57.0
16.0
43.0
3.7
0.0
12.0
& 00291[09/06/2023]
NGC6217
27500.0
6.9E7
78.0
11.0
53.4
16.0
32.0
39.2
0.0
12.0
& 00292[09/06/2023]
NGC7217
22500.0
5.2E7
31.0
21.0
33.646
22.0
7.0
52.393
0.0
12.0
& 00293[09/06/2023]
NGC7448
30000.0
7.95E7
15.0
58.0
49.0
23.0
0.0
3.6
0.0
12.0
& 00294[09/06/2023]
NGC7606
82500.0
9.85E7
-8.0
29.0
6.0
23.0
19.0
4.8
0.0
12.0
& 00295[09/06/2023]
NGC7723
47500.0
9.15E7
-12.0
57.0
40.0
23.0
38.0
57.1
0.0
12.0
& 00296[09/06/2023]
NGC7727
57500.0
8.7E7
-12.0
17.0
34.01
23.0
39.0
53.723
0.0
12.0
& 00297[11/06/2023]
NGC4361
0.76
2500.0
-18.0
47.0
5.0
12.0
24.0
30.7
0.0
9.0
& 00298[11/06/2023]
NGC6369
0.34
3600.0
-23.0
45.0
34.0
17.0
29.0
20.5
0.0
9.0
& 00299[11/06/2023]
NGC6445
0.5
4500.0
-20.0
0.0
35.0
17.0
49.0
15.0
0.0
9.0
& 00300[11/06/2023]
NGC6540
5.0
17300.0
-27.0
45.0
46.0
18.0
6.0
7.9
0.0
10.0
& 00301[11/06/2023]
NGC6568
5.6
3260.0
-21.0
37.0
41.0
18.0
12.0
44.2
0.0
7.0
& 00302[11/06/2023]
NGC6583
4.8
6650.0
-22.0
8.0
15.0
18.0
15.0
48.9
0.0
7.0
& 00303[11/06/2023]
NGC6629
0.4
6500.0
-23.0
12.0
10.4
18.0
25.0
42.46
0.0
9.0
& 00304[11/06/2023]
NGC6633
4.0
1100.0
6.0
34.0
0.0
18.0
27.7
0.0
0.0
7.0
& 00305[11/06/2023]
NGC6645
8.7
4000.0
-16.0
53.0
2.0
18.0
32.0
37.9
0.0
7.0
& 00306[11/06/2023]
NGC6664
10.8
6200.0
-8.0
13.0
15.0
18.0
36.0
33.3
0.0
7.0
& 00307[11/06/2023]
NGC6755
12.65
5800.0
4.0
15.0
59.0
19.0
7.0
49.0
0.0
7.0
& 00308[11/06/2023]
NGC6756
2.8
4900.0
4.0
42.0
21.0
19.0
8.0
42.5
0.0
7.0
& 00309[11/06/2023]
NGC6781
0.44
1500.0
6.0
32.0
19.29
19.0
18.0
28.085
0.0
9.0
& 00310[12/06/2023]
NGC6802
2.65
3650.0
20.0
15.0
39.0
19.0
30.0
35.0
0.0
7.0
& 00311[12/06/2023]
NGC6818
0.32
6000.0
-14.0
9.0
11.0
19.0
43.0
57.7
0.0
9.0
& 00312[12/06/2023]
NGC6823
35.0
6000.0
23.0
5.0
14.7
19.0
42.0
27.92
0.0
7.0
& 00313[12/06/2023]
NGC6830
4.6
5300.0
23.0
6.0
0.0
19.0
50.0
59.6
0.0
7.0
& 00314[12/06/2023]
NGC6834
6.1
10850.0
6.0
32.0
19.29
19.0
18.0
28.085
0.0
7.0
& 00315[12/06/2023]
NGC6866
4.8
4700.0
44.0
9.0
33.0
20.0
3.0
55.2
0.0
7.0
& 00316[12/06/2023]
NGC6882
5.7
1950.0
26.0
29.0
20.0
20.0
11.0
55.8
0.0
7.0
& 00317[12/06/2023]
NGC6905
0.5
3000.0
20.0
6.0
16.0
20.0
22.0
23.0
0.0
9.0
& 00318[12/06/2023]
NGC6910
5.38
3700.0
40.0
46.0
43.0
20.0
23.0
12.0
0.0
7.0
& 00319[12/06/2023]
NGC6939
5.7
4000.0
60.0
39.0
43.0
20.0
31.0
30.1
0.0
7.0
& 00320[12/06/2023]
NGC6940
9.0
2500.0
28.0
16.0
58.0
20.0
34.0
26.7
0.0
7.0
& 00321[12/06/2023]
NGC7008
0.5
2800.0
54.0
32.0
36.18
21.0
0.0
32.503
0.0
9.0
& 00322[12/06/2023]
NGC7044
10.5
10304.0
42.0
29.0
46.0
21.0
13.0
9.4
0.0
7.0
& 00323[12/06/2023]
NGC7062
3.5
4800.0
46.0
22.0
43.0
21.0
23.0
27.5
0.0
7.0
& 00324[12/06/2023]
NGC7086
7.3
4200.0
51.0
36.0
2.0
21.0
30.0
27.5
0.0
7.0
& 00325[12/06/2023]
NGC7128
4.4
7500.0
53.0
42.0
55.0
21.0
43.0
57.8
0.0
7.0
& 00326[12/06/2023]
NGC7142
9.6
5500.0
65.0
46.0
28.0
21.0
45.0
9.5
0.0
7.0
& 00327[12/06/2023]
NGC7160
1.9
2600.0
62.0
36.0
12.0
21.0
53.0
40.3
0.0
7.0
& 00328[12/06/2023]
NGC7209
14.0
3800.0
46.0
29.0
1.0
22.0
5.0
7.8
0.0
7.0
& 00329[12/06/2023]
NGC7296
2.75
6813.0
52.0
18.0
54.0
22.0
28.0
0.5
0.0
7.0
& 00330[12/06/2023]
NGC7380
20.0
8500.0
58.0
7.0
54.0
22.0
47.0
21.0
0.0
7.0
& 00331[12/06/2023]
NGC7510
12.0
11400.0
60.0
34.0
0.0
23.0
11.1
0.0
0.0
7.0
& 00332[12/06/2023]
NGC7686
50.0
5000.0
49.0
8.0
3.0
23.0
30.0
7.4
0.0
7.0
& 00333[12/06/2023]
NGC7789
22.0
7600.0
56.0
42.0
30.0
23.0
57.0
24.0
0.0
7.0
& 00334[12/06/2023]
NGC7790
7.0
9600.0
61.0
12.0
30.0
23.0
58.0
24.2
0.0
7.0
 
